A/5 21171	3		1
PC 17599	1	C85	2
STON/O2. 3101282	3		3
113803	1	C123	4
373450	3		5
330877	3		6
17463	1	E46	7
349909	3		8
347742	3		9
237736	2		10
PP 9549	3	G6	11
113783	1	C103	12
A/5. 2151	3		13
347082	3		14
350406	3		15
248706	2		16
382652	3		17
244373	2		18
345763	3		19
2649	3		20
239865	2		21
248698	2	D56	22
330923	3		23
113788	1	A6	24
349909	3		25
347077	3		26
2631	3		27
19950	1	C23 C25 C27	28
330959	3		29
349216	3		30
PC 17601	1		31
PC 17569	1	B78	32
335677	3		33
C.A. 24579	2		34
PC 17604	1		35
113789	1		36
2677	3		37
A./5. 2152	3		38
345764	3		39
2651	3		40
7546	3		41
11668	2		42
349253	3		43
SC/Paris 2123	2		44
330958	3		45
S.C./A.4. 23567	3		46
370371	3		47
14311	3		48
2662	3		49
349237	3		50
3101295	3		51
A/4. 39886	3		52
PC 17572	1	D33	53
2926	2		54
113509	1	B30	55
19947	1	C52	56
C.A. 31026	2		57
2697	3		58
C.A. 34651	2		59
CA 2144	3		60
2669	3		61
113572	1	B28	62
36973	1	C83	63
347088	3		64
PC 17605	1		65
2661	3		66
C.A. 29395	2	F33	67
S.P. 3464	3		68
3101281	3		69
315151	3		70
C.A. 33111	2		71
CA 2144	3		72
S.O.C. 14879	2		73
2680	3		74
1601	3		75
348123	3	F G73	76
349208	3		77
374746	3		78
248738	2		79
364516	3		80
345767	3		81
345779	3		82
330932	3		83
113059	1		84
SO/C 14885	2		85
3101278	3		86
W./C. 6608	3		87
SOTON/OQ 392086	3		88
19950	1	C23 C25 C27	89
343275	3		90
343276	3		91
347466	3		92
W.E.P. 5734	1	E31	93
C.A. 2315	3		94
364500	3		95
374910	3		96
PC 17754	1	A5	97
PC 17759	1	D10 D12	98
231919	2		99
244367	2		100
349245	3		101
349215	3		102
35281	1	D26	103
7540	3		104
3101276	3		105
349207	3		106
343120	3		107
312991	3		108
349249	3		109
371110	3		110
110465	1	C110	111
2665	3		112
324669	3		113
4136	3		114
2627	3		115
STON/O 2. 3101294	3		116
370369	3		117
11668	2		118
PC 17558	1	B58 B60	119
347082	3		120
S.O.C. 14879	2		121
A4. 54510	3		122
237736	2		123
27267	2	E101	124
35281	1	D26	125
2651	3		126
370372	3		127
C 17369	3		128
2668	3	F E69	129
347061	3		130
349241	3		131
SOTON/O.Q. 3101307	3		132
A/5. 3337	3		133
228414	2		134
C.A. 29178	2		135
SC/PARIS 2133	2		136
11752	1	D47	137
113803	1	C123	138
7534	3		139
PC 17593	1	B86	140
2678	3		141
347081	3		142
STON/O2. 3101279	3		143
365222	3		144
231945	2		145
C.A. 33112	2		146
350043	3		147
W./C. 6608	3		148
230080	2	F2	149
244310	2		150
S.O.P. 1166	2		151
113776	1	C2	152
A.5. 11206	3		153
A/5. 851	3		154
Fa 265302	3		155
PC 17597	1		156
35851	3		157
SOTON/OQ 392090	3		158
315037	3		159
CA. 2343	3		160
371362	3		161
C.A. 33595	2		162
347068	3		163
315093	3		164
3101295	3		165
363291	3		166
113505	1	E33	167
347088	3		168
PC 17318	1		169
1601	3		170
111240	1	B19	171
382652	3		172
347742	3		173
STON/O 2. 3101280	3		174
17764	1	A7	175
350404	3		176
4133	3		177
PC 17595	1	C49	178
250653	2		179
LINE	3		180
CA. 2343	3		181
SC/PARIS 2131	2		182
347077	3		183
230136	2	F4	184
315153	3		185
113767	1	A32	186
370365	3		187
111428	1		188
364849	3		189
349247	3		190
234604	2		191
28424	2		192
350046	3		193
230080	2	F2	194
PC 17610	1	B4	195
PC 17569	1	B80	196
368703	3		197
4579	3		198
370370	3		199
248747	2		200
345770	3		201
CA. 2343	3		202
3101264	3		203
2628	3		204
A/5 3540	3		205
347054	3	G6	206
3101278	3		207
2699	3		208
367231	3		209
112277	1	A31	210
SOTON/O.Q. 3101311	3		211
F.C.C. 13528	2		212
A/5 21174	3		213
250646	2		214
367229	3		215
35273	1	D36	216
STON/O2. 3101283	3		217
243847	2		218
11813	1	D15	219
W/C 14208	2		220
SOTON/OQ 392089	3		221
220367	2		222
21440	3		223
349234	3		224
19943	1	C93	225
PP 4348	3		226
SW/PP 751	2		227
A/5 21173	3		228
236171	2		229
4133	3		230
36973	1	C83	231
347067	3		232
237442	2		233
347077	3		234
C.A. 29566	2		235
W./C. 6609	3		236
26707	2		237
C.A. 31921	2		238
28665	2		239
SCO/W 1585	2		240
2665	3		241
367230	3		242
W./C. 14263	2		243
STON/O 2. 3101275	3		244
2694	3		245
19928	1	C78	246
347071	3		247
250649	2		248
11751	1	D35	249
244252	2		250
362316	3		251
347054	3	G6	252
113514	1	C87	253
A/5. 3336	3		254
370129	3		255
2650	3		256
PC 17585	1		257
110152	1	B77	258
PC 17755	1		259
230433	2		260
384461	3		261
347077	3		262
110413	1	E67	263
112059	1	B94	264
382649	3		265
C.A. 17248	2		266
3101295	3		267
347083	3		268
PC 17582	1	C125	269
PC 17760	1	C99	270
113798	1		271
LINE	3		272
250644	2		273
PC 17596	1	C118	274
370375	3		275
13502	1	D7	276
347073	3		277
239853	2		278
382652	3		279
C.A. 2673	3		280
336439	3		281
347464	3		282
345778	3		283
A/5. 10482	3		284
113056	1	A19	285
349239	3		286
345774	3		287
349206	3		288
237798	2		289
370373	3		290
19877	1		291
11967	1	B49	292
SC/Paris 2163	2	D	293
349236	3		294
349233	3		295
PC 17612	1		296
2693	3		297
113781	1	C22 C26	298
19988	1	C106	299
PC 17558	1	B58 B60	300
9234	3		301
367226	3		302
LINE	3		303
226593	2	E101	304
A/5 2466	3		305
113781	1	C22 C26	306
17421	1		307
PC 17758	1	C65	308
P/PP 3381	2		309
PC 17485	1	E36	310
11767	1	C54	311
PC 17608	1	B57 B59 B63 B66	312
250651	2		313
349243	3		314
F.C.C. 13529	2		315
347470	3		316
244367	2		317
29011	2		318
36928	1	C7	319
16966	1	E34	320
A/5 21172	3		321
349219	3		322
234818	2		323
248738	2		324
CA. 2343	3		325
PC 17760	1	C32	326
345364	3		327
28551	2	D	328
363291	3		329
111361	1	B18	330
367226	3		331
113043	1	C124	332
PC 17582	1	C91	333
345764	3		334
PC 17611	1		335
349225	3		336
113776	1	C2	337
16966	1	E40	338
7598	3		339
113784	1	T	340
230080	2	F2	341
19950	1	C23 C25 C27	342
248740	2		343
244361	2		344
229236	2		345
248733	2	F33	346
31418	2		347
386525	3		348
C.A. 37671	3		349
315088	3		350
7267	3		351
113510	1	C128	352
2695	3		353
349237	3		354
2647	3		355
345783	3		356
113505	1	E33	357
237671	2		358
330931	3		359
330980	3		360
347088	3		361
SC/PARIS 2167	2		362
2691	3		363
SOTON/O.Q. 3101310	3		364
370365	3		365
C 7076	3		366
110813	1	D37	367
2626	3		368
14313	3		369
PC 17477	1	B35	370
11765	1	E50	371
3101267	3		372
323951	3		373
PC 17760	1		374
349909	3		375
PC 17604	1		376
C 7077	3		377
113503	1	C82	378
2648	3		379
347069	3		380
PC 17757	1		381
2653	3		382
STON/O 2. 3101293	3		383
113789	1		384
349227	3		385
S.O.C. 14879	2		386
CA 2144	3		387
27849	2		388
367655	3		389
SC 1748	2		390
113760	1	B96 B98	391
350034	3		392
3101277	3		393
35273	1	D36	394
PP 9549	3	G6	395
350052	3		396
350407	3		397
28403	2		398
244278	2		399
240929	2		400
STON/O 2. 3101289	3		401
341826	3		402
4137	3		403
STON/O2. 3101279	3		404
315096	3		405
28664	2		406
347064	3		407
29106	2		408
312992	3		409
4133	3		410
349222	3		411
394140	3		412
19928	1	C78	413
239853	2		414
STON/O 2. 3101269	3		415
343095	3		416
28220	2		417
250652	2		418
28228	2		419
345773	3		420
349254	3		421
A/5. 13032	3		422
315082	3		423
347080	3		424
370129	3		425
A/4. 34244	3		426
2003	2		427
250655	2		428
364851	3		429
SOTON/O.Q. 392078	3	E10	430
110564	1	C52	431
376564	3		432
SC/AH 3085	2		433
STON/O 2. 3101274	3		434
13507	1	E44	435
113760	1	B96 B98	436
W./C. 6608	3		437
29106	2		438
19950	1	C23 C25 C27	439
C.A. 18723	2		440
F.C.C. 13529	2		441
345769	3		442
347076	3		443
230434	2		444
65306	3		445
33638	1	A34	446
250644	2		447
113794	1		448
2666	3		449
113786	1	C104	450
C.A. 34651	2		451
65303	3		452
113051	1	C111	453
17453	1	C92	454
A/5 2817	3		455
349240	3		456
13509	1	E38	457
17464	1	D21	458
F.C.C. 13531	2		459
371060	3		460
19952	1	E12	461
364506	3		462
111320	1	E63	463
234360	2		464
A/S 2816	3		465
SOTON/O.Q. 3101306	3		466
239853	2		467
113792	1		468
36209	3		469
2666	3		470
323592	3		471
315089	3		472
C.A. 34651	2		473
SC/AH Basle 541	2	D	474
7553	3		475
110465	1	A14	476
31027	2		477
3460	3		478
350060	3		479
3101298	3		480
CA 2144	3		481
239854	2		482
A/5 3594	3		483
4134	3		484
11967	1	B49	485
4133	3		486
19943	1	C93	487
11771	1	B37	488
A.5. 18509	3		489
C.A. 37671	3		490
65304	3		491
SOTON/OQ 3101317	3		492
113787	1	C30	493
PC 17609	1		494
A/4 45380	3		495
2627	3		496
36947	1	D20	497
C.A. 6212	3		498
113781	1	C22 C26	499
350035	3		500
315086	3		501
364846	3		502
330909	3		503
4135	3		504
110152	1	B79	505
PC 17758	1	C65	506
26360	2		507
111427	1		508
C 4001	3		509
1601	3		510
382651	3		511
SOTON/OQ 3101316	3		512
PC 17473	1	E25	513
PC 17603	1		514
349209	3		515
36967	1	D46	516
C.A. 34260	2	F33	517
371110	3		518
226875	2		519
349242	3		520
12749	1	B73	521
349252	3		522
2624	3		523
111361	1	B18	524
2700	3		525
367232	3		526
W./C. 14258	2		527
PC 17483	1	C95	528
3101296	3		529
29104	2		530
26360	2		531
2641	3		532
2690	3		533
2668	3		534
315084	3		535
F.C.C. 13529	2		536
113050	1	B38	537
PC 17761	1		538
364498	3		539
13568	1	B39	540
WE/P 5735	1	B22	541
347082	3		542
347082	3		543
2908	2		544
PC 17761	1	C86	545
693	1		546
2908	2		547
SC/PARIS 2146	2		548
363291	3		549
C.A. 33112	2		550
17421	1	C70	551
244358	2		552
330979	3		553
2620	3		554
347085	3		555
113807	1		556
11755	1	A16	557
PC 17757	1		558
110413	1	E67	559
345572	3		560
372622	3		561
349251	3		562
218629	2		563
SOTON/OQ 392082	3		564
SOTON/O.Q. 392087	3		565
A/4 48871	3		566
349205	3		567
349909	3		568
2686	3		569
350417	3		570
S.W./PP 752	2		571
11769	1	C101	572
PC 17474	1	E25	573
14312	3		574
A/4. 20589	3		575
358585	3		576
243880	2		577
13507	1	E44	578
2689	3		579
STON/O 2. 3101286	3		580
237789	2		581
17421	1	C68	582
28403	2		583
13049	1	A10	584
3411	3		585
110413	1	E68	586
237565	2		587
13567	1	B41	588
14973	3		589
A./5. 3235	3		590
STON/O 2. 3101273	3		591
36947	1	D20	592
A/5 3902	3		593
364848	3		594
SC/AH 29037	2		595
345773	3		596
248727	2		597
LINE	3		598
2664	3		599
PC 17485	1	A20	600
243847	2		601
349214	3		602
113796	1		603
364511	3		604
111426	1		605
349910	3		606
349246	3		607
113804	1		608
SC/Paris 2123	2		609
PC 17582	1	C125	610
347082	3		611
SOTON/O.Q. 3101305	3		612
367230	3		613
370377	3		614
364512	3		615
220845	2		616
347080	3		617
A/5. 3336	3		618
230136	2	F4	619
31028	2		620
2659	3		621
11753	1	D19	622
2653	3		623
350029	3		624
54636	3		625
36963	1	D50	626
219533	2		627
13502	1	D9	628
349224	3		629
334912	3		630
27042	1	A23	631
347743	3		632
13214	1	B50	633
112052	1		634
347088	3		635
237668	2		636
STON/O 2. 3101292	3		637
C.A. 31921	2		638
3101295	3		639
376564	3		640
350050	3		641
PC 17477	1	B35	642
347088	3		643
1601	3		644
2666	3		645
PC 17572	1	D33	646
349231	3		647
13213	1	A26	648
S.O./P.P. 751	3		649
CA. 2314	3		650
349221	3		651
231919	2		652
8475	3		653
330919	3		654
365226	3		655
S.O.C. 14879	2		656
349223	3		657
364849	3		658
29751	2		659
35273	1	D48	660
PC 17611	1		661
2623	3		662
5727	1	E58	663
349210	3		664
STON/O 2. 3101285	3		665
S.O.C. 14879	2		666
234686	2		667
312993	3		668
A/5 3536	3		669
19996	1	C126	670
29750	2		671
F.C. 12750	1	B71	672
C.A. 24580	2		673
244270	2		674
239856	2		675
349912	3		676
342826	3		677
4138	3		678
CA 2144	3		679
PC 17755	1	B51 B53 B55	680
330935	3		681
PC 17572	1	D49	682
6563	3		683
CA 2144	3		684
29750	2		685
SC/Paris 2123	2		686
3101295	3		687
349228	3		688
350036	3		689
24160	1	B5	690
17474	1	B20	691
349256	3		692
1601	3		693
2672	3		694
113800	1		695
248731	2		696
363592	3		697
35852	3		698
17421	1	C68	699
348121	3	F G63	700
PC 17757	1	C62 C64	701
PC 17475	1	E24	702
2691	3		703
36864	3		704
350025	3		705
250655	2		706
223596	2		707
PC 17476	1	E24	708
113781	1		709
2661	3		710
PC 17482	1	C90	711
113028	1	C124	712
19996	1	C126	713
7545	3		714
250647	2		715
348124	3	F G73	716
PC 17757	1	C45	717
34218	2	E101	718
36568	3		719
347062	3		720
248727	2		721
350048	3		722
12233	2		723
250643	2		724
113806	1	E8	725
315094	3		726
31027	2		727
36866	3		728
236853	2		729
STON/O2. 3101271	3		730
24160	1	B5	731
2699	3		732
239855	2		733
28425	2		734
233639	2		735
54636	3		736
W./C. 6608	3		737
PC 17755	1	B101	738
349201	3		739
349218	3		740
16988	1	D45	741
19877	1	C46	742
PC 17608	1	B57 B59 B63 B66	743
376566	3		744
STON/O 2. 3101288	3		745
WE/P 5735	1	B22	746
C.A. 2673	3		747
250648	2		748
113773	1	D30	749
335097	3		750
29103	2		751
392096	3	E121	752
345780	3		753
349204	3		754
220845	2		755
250649	2		756
350042	3		757
29108	2		758
363294	3		759
110152	1	B77	760
358585	3		761
SOTON/O2 3101272	3		762
2663	3		763
113760	1	B96 B98	764
347074	3		765
13502	1	D11	766
112379	1		767
364850	3		768
371110	3		769
8471	3		770
345781	3		771
350047	3		772
S.O./P.P. 3	2	E77	773
2674	3		774
29105	2		775
347078	3		776
383121	3	F38	777
364516	3		778
36865	3		779
24160	1	B3	780
2687	3		781
17474	1	B20	782
113501	1	D6	783
W./C. 6607	3		784
SOTON/O.Q. 3101312	3		785
374887	3		786
3101265	3		787
382652	3		788
C.A. 2315	3		789
PC 17593	1	B82 B84	790
12460	3		791
239865	2		792
CA. 2343	3		793
PC 17600	1		794
349203	3		795
28213	2		796
17465	1	D17	797
349244	3		798
2685	3		799
345773	3		800
250647	2		801
C.A. 31921	2		802
113760	1	B96 B98	803
2625	3		804
347089	3		805
347063	3		806
112050	1	A36	807
347087	3		808
248723	2		809
113806	1	E8	810
3474	3		811
A/4 48871	3		812
28206	2		813
347082	3		814
364499	3		815
112058	1	B102	816
STON/O2. 3101290	3		817
S.C./PARIS 2079	2		818
C 7075	3		819
347088	3		820
12749	1	B69	821
315098	3		822
19972	1		823
392096	3	E121	824
3101295	3		825
368323	3		826
1601	3		827
S.C./PARIS 2079	2		828
367228	3		829
113572	1	B28	830
2659	3		831
29106	2		832
2671	3		833
347468	3		834
2223	3		835
PC 17756	1	E49	836
315097	3		837
392092	3		838
1601	3		839
11774	1	C47	840
SOTON/O2 3101287	3		841
S.O./P.P. 3	2		842
113798	1		843
2683	3		844
315090	3		845
C.A. 5547	3		846
CA. 2343	3		847
349213	3		848
248727	2		849
17453	1	C92	850
347082	3		851
347060	3		852
2678	3		853
PC 17592	1	D28	854
244252	2		855
392091	3		856
36928	1		857
113055	1	E17	858
2666	3		859
2629	3		860
350026	3		861
28134	2		862
17466	1	D17	863
CA. 2343	3		864
233866	2		865
236852	2		866
SC/PARIS 2149	2		867
PC 17590	1	A24	868
345777	3		869
347742	3		870
349248	3		871
11751	1	D35	872
695	1	B51 B53 B55	873
345765	3		874
P/PP 3381	2		875
2667	3		876
7534	3		877
349212	3		878
349217	3		879
11767	1	C50	880
230433	2		881
349257	3		882
7552	3		883
C.A./SOTON 34068	2		884
SOTON/OQ 392076	3		885
382652	3		886
211536	2		887
112053	1	B42	888
W./C. 6607	3		889
111369	1	C148	890
370376	3		891
